999000
487
605
25
177
999058
83
999062
548
115
113
265
635
999134
305
39
627
417
651
209
137
277
269
473
550
363
999108
999010
999098
143
45
47
71
659
483
481
247
657
367
999060
313
619
357
81
427
353
999008
999016
465
23
199
528
453
333
59
415
191
397
999086
520
343
471
385
53
455
151
35
167
173
293
221
999044
149
31
467
423
207
93
395
530
347
558
999124
999100
383
999092
401
165
443
999114
323
407
321
33
611
999078
259
273
201
329
999116
41
371
637
999106
131
544
526
999082
203
999024
87
279
596
999142
375
121
153
75
319
999148
155
123
447
9
599
147
193
574
43
229
49
999030
999052
623
243
411
335
105
999088
999068
425
197
999150
183
999076
233
999136
999020
999102
536
451
37
381
534
613
999084
235
421
999074
629
999066
999112
441
532
291
309
999144
213
267
1
493
171
999046
77
61
217
475
999012
429
161
435
999022
522
361
377
315
399
524
301
253
617
580
457
560
449
594
103
189
393
405
999104
564
181
373
89
419
538
999056
297
145
508
999018
999138
67
999146
556
999038
999014
127
431
999122
13
631
379
163
999140
621
439
311
999032
609
999128
459
999042
85
625
317
271
205
17
101
97
365
211
387
999120
139
79
479
257
433
999036
639
187
249
485
607
285
179
497
111
999050
125
255
999130
349
491
341
437
510
339
55
477
109
133
409
73
225
516
237
5
21
999070
119
495
633
999004
337
999110
999054
999064
601
653
403
512
251
331
135
57
185
231
359
615
275
117
999132
219
303
461
51
489
552
469
999096
514
584
157
540
63
29
263
69
129
655
261
999094
999006
27
999118
999072
175
999126
641
65
327
195
107
345
445
289
999090
999002
3
325
999028
389
999040
11
603
351
95
413
141
661
554
542
169
999080
281
391
463
999034
245
287
546
369
307
586
215
999048
227
7
283
239
241
223
99
295
159
19
91
355
15
299
